

colorscale=[131	133	64
129	133	66
126	134	68
124	134	70
121	135	72
119	135	74
116	135	77
114	136	79
111	136	81
109	136	83
106	137	86
104	137	88
101	137	90
99	137	93
96	137	95
94	138	98
91	138	100
89	138	103
86	138	105
83	138	108
81	138	110
78	138	113
75	138	115
72	138	118
70	138	120
67	138	123
64	138	125
61	138	128
58	138	130
55	138	133
52	138	135
49	138	138
46	137	140
42	137	143
39	137	145
36	137	147
32	137	150
29	136	152
26	136	154
23	136	156
23	135	159
25	135	161
28	134	163
32	134	165
35	134	167
39	133	168
43	133	170
47	132	172
51	132	174
55	131	175
59	130	177
62	130	178
66	129	179
70	128	181
74	128	182
79	127	183
83	126	184
87	125	185
91	125	186
95	124	187
99	123	187
103	122	188
107	121	188
111	120	189
115	119	189
119	118	189
123	117	189
127	116	189
131	115	189
135	114	189
139	113	188
143	111	188
147	110	187
151	109	187
155	108	186
158	106	185
162	105	185
166	104	184
170	102	183
173	101	181
177	100	180
180	98	179
183	97	177
187	96	176
190	94	175
193	93	173
196	91	171
199	90	169
202	88	168
205	87	166
208	86	164
211	84	162
213	83	160
216	81	158
218	80	156
221	79	154
223	77	151
225	76	149
227	75	147
229	74	144
231	73	142
233	72	140
234	71	137
236	70	135
237	69	132
239	68	130
240	67	128
241	67	125
242	66	123
243	66	120
244	66	118
244	65	115
245	65	113
245	65	110
246	66	108
246	66	106
246	66	103
246	67	101
246	67	98
246	68	96
246	69	94
246	69	91
245	70	89
245	71	87
244	72	85
244	74	83
243	75	80
242	76	78
241	77	76
240	78	74
239	80	72
238	81	70
237	82	68
235	84	66
234	85	64
233	87	63
231	88	61
230	89	59
228	91	57
226	92	56
224	94	54
223	95	52
221	96	51
219	98	49
217	99	48
215	100	46
213	102	45
211	103	44
209	104	43
206	105	41
204	107	40
202	108	39
200	109	38
197	110	38
195	111	37
193	113	37
190	114	36
188	115	36
186	116	36
183	117	36
181	118	36
178	119	37
176	120	38
173	121	38
171	122	39
169	123	40
166	123	41
164	124	43
161	125	44
159	126	45
156	127	47
154	127	48
151	128	50
149	129	51
146	129	53
144	130	55
141	131	57
139	131	58
136	132	60
134	132	62];

save colorscale